Joke	Rating	Words	Sex	Politics	Professions	Dialogue	Question
1	6	30	0	0	0	1	0
2	5	71	1	0	0	1	0
3	-2	16	0	0	0	0	1
4	0	19	0	0	0	0	1
5	-5	12	0	0	0	0	1
6	8	122	0	1	0	1	0
7	2	15	0	0	0	0	1
8	-3	14	0	0	0	0	1
9	4	91	0	0	0	1	0
10	4	18	0	0	1	1	0
11	3	10	0	0	0	0	1
12	3	82	0	0	0	1	0
13	-5	16	0	0	0	1	0
14	-4	99	1	0	0	1	0
15	5	17	0	0	0	0	1
16	-2	10	0	0	0	0	1
17	3	17	1	0	0	0	1
18	6	118	0	0	0	1	0
19	7	33	0	0	0	0	1
20	1	20	0	0	0	0	1
21	4	19	1	0	0	0	1
22	-5	36	0	0	0	1	0
23	-1	14	0	0	0	0	1
24	-3	15	0	0	0	0	1
25	4	26	1	0	0	1	0
26	6	88	1	0	0	1	0
27	5	57	0	1	0	1	0
28	5	104	0	0	1	1	0
29	9	141	1	0	1	1	0
30	4	16	0	0	1	0	1
31	2	52	1	1	0	1	0
32	8	125	0	0	0	1	0
33	2	16	0	0	0	0	1
34	3	48	0	0	0	1	0
35	8	95	0	0	0	1	0
36	6	67	0	0	0	1	0
37	7	75	0	0	0	1	0
38	5	31	0	0	0	1	0
39	6	28	1	0	0	0	1
40	4	25	0	0	0	0	1
41	7	12	1	0	0	0	1
42	9	60	1	0	0	1	0
43	5	31	0	0	0	1	0
44	4	13	0	0	0	1	0
45	7	46	0	0	0	1	0
46	3	66	1	0	0	1	0
47	4	185	0	0	1	1	0
48	9	48	0	0	1	1	0
49	9	64	1	0	1	1	0
50	7	69	1	0	0	1	0
51	-2	16	0	1	0	0	1
52	4	18	1	1	0	0	1
53	5	218	1	0	0	1	0
54	6	174	0	0	0	1	0
55	2	77	0	0	0	1	0
56	8	113	1	0	0	1	0
57	-3	15	0	0	0	0	1
58	-5	23	0	0	0	0	1
59	4	31	0	0	0	1	0
60	7	15	0	0	0	0	1
61	0	113	0	0	0	1	0
62	5	113	0	0	1	1	0
63	9	111	0	0	1	1	0
64	9	13	0	0	0	0	1
65	6	137	1	0	0	1	0
66	7	102	0	0	0	1	0
67	6	46	1	0	0	1	0
68	7	155	0	0	1	1	0
69	8	153	0	0	0	1	0
70	8	32	0	0	0	1	0
71	-1	62	0	0	0	1	0
72	7	93	1	0	0	1	0
73	4	28	0	1	0	0	1
74	-1	26	0	0	0	0	1
75	-4	21	0	0	0	0	1
76	5	120	0	0	0	1	0
77	6	15	0	0	0	0	1
78	4	14	0	0	1	0	1
79	0	23	0	0	0	0	1
80	2	70	0	0	0	1	0
81	6	69	0	0	0	1	0
82	3	25	0	0	0	0	1
83	6	73	1	0	0	1	0
84	5	18	0	0	1	0	1
85	-4	22	1	1	0	0	1
86	5	26	0	0	0	1	0
87	2	76	0	0	0	1	0
88	5	56	0	0	0	1	0
89	8	129	0	0	0	1	0
90	3	15	0	0	1	0	1
91	7	129	0	0	0	1	0
92	7	94	0	0	1	1	0
93	8	104	0	0	1	1	0
94	6	31	0	0	0	1	0
95	4	28	0	0	0	1	0
96	3	53	0	0	1	1	0
97	5	72	0	0	0	1	0
98	3	90	1	0	0	1	0
99	2	24	0	0	0	1	0
100	4	27	1	0	0	0	1
